0.0	297.82927430	21.031560800
0.0	294.21420160	20.671332520
0.0	290.93617480	20.483106700
0.0	288.95027470	20.271695780
0.0	285.49529000	20.044358250
0.0	279.86198320	19.652462230
0.0	273.50819240	19.174453690
0.0	266.42126510	18.680666930
0.0	263.15307910	18.437736660
0.0	253.16312820	17.716723650
0.0	250.99464690	17.497460720
0.0	246.08744750	17.160417530
0.0	239.73646830	16.666779150
0.0	237.20141870	16.439627100
0.0	232.83493380	16.165214570
0.0	230.39328360	15.930266140
0.0	226.66372420	15.695058050
0.0	223.20592790	15.483350360
0.0	217.95043590	15.036824090
0.0	214.59095930	14.789967800
0.0	207.06304300	14.190586870
0.0	203.97181490	13.986768300
0.0	201.06597970	13.775171900
0.0	196.34276730	13.438165800
0.0	190.61324950	13.069695990
0.0	186.72360210	12.701597150
0.0	184.17590010	12.544779390
0.0	179.82206760	12.200032570
0.0	175.09323200	11.894286150
0.0	171.28433140	11.588725220
0.0	168.02458030	11.298905420
0.0	165.11944800	11.083401560
0.0	162.02189370	10.914750130
0.0	156.38858690	10.522854110
0.0	153.84650830	10.334776670
0.0	151.30442960	10.146699220
0.0	147.31575950	9.817656431
0.0	142.58832970	9.504095099
0.0	139.14459160	9.214238203
0.0	135.13905160	8.978974463
0.0	129.68902900	8.591022999
0.0	120.24541580	7.901380969
0.0	110.98789850	7.200053654
0.0	114.62124690	7.458687963
0.0	104.44730900	6.737637865
0.0	101.53163300	6.580745911
0.0	96.99803092	6.212517229
0.0	94.26634194	6.055662371
0.0	90.90264785	5.832250849
0.0	87.99118931	5.651914133
0.0	81.45552018	5.162146121
0.0	78.10236976	4.880122694
0.0	69.74721478	4.276667369
0.0	68.29500006	4.166961709
0.0	67.02817820	4.049478224
0.0	64.47625878	3.916105224
0.0	60.66032914	3.649618897
0.0	58.48481871	3.469430565
0.0	55.58038928	3.250019244
0.0	53.31147952	3.077627285
0.0	50.49763778	2.866049433
0.0	46.13115288	2.591636897
0.0	44.78569282	2.399893117
0.0	38.16787094	1.855402111
0.0	33.80279186	1.573174655
0.5	300.00000000	19.667667539
0.8	294.20611810	18.670638610
0.8	278.95645780	17.526544090
0.8	264.24329450	16.468525000
0.8	253.25617610	15.665251300
0.8	236.98685500	14.563934820
0.8	231.18361950	14.093852500
0.8	213.90026110	13.004054370
0.8	197.89637690	11.961405440
0.8	185.90927930	11.091500890
0.8	166.26220600	9.844922096
0.8	148.80751300	8.684752587
0.8	138.70377830	8.084852310
0.8	126.80375390	7.242318526
0.8	106.88280870	5.983961709
0.8	54.22377050	2.608898969
0.8	67.31338445	3.486841022
0.8	78.23592291	4.137705217
0.8	88.95338700	4.905756128
1.0	300.00000000	18.457434555
2.0	300.00000000	16.468010471
2.5	300.00000000	15.655662304
2.5	300.00000000	15.539612565
2.6	297.18558330	15.404483960
2.6	288.91398690	14.847936710
2.6	271.79985440	13.840232350
2.6	250.77076960	12.605097720
2.6	236.37918820	11.805045200
2.6	216.80723860	10.652264010
2.6	199.58213390	9.750042527
2.6	182.65198850	8.742375263
2.6	168.24002270	8.055639097
2.6	147.37594630	6.926042993
2.6	132.88393650	6.172861452
2.6	112.47279860	5.082432692
2.6	96.78276434	4.340732408
2.6	83.11799324	3.591625260
2.6	78.01556022	3.317064340
2.6	70.72004399	2.960001598
2.6	46.84197192	1.708662135
2.6	41.91509099	1.481027836
2.6	300.00000000	15.406984293
2.7	300.00000000	15.324091623
3.0	300.00000000	14.926206806
3.9	300.00000000	13.649659686
4.0	300.00000000	13.749130890
4.1	296.79406170	13.489679980
4.1	290.78153430	13.160229130
4.1	275.84502100	12.320990720
4.1	258.51667620	11.481270060
4.1	255.23724360	11.300859150
4.1	240.65324030	10.547659060
4.1	226.42455860	9.864867456
4.1	218.21332470	9.484174470
4.1	209.09480810	9.032961717
4.1	193.49676730	8.291279980
4.1	188.84094660	8.091053548
4.1	182.28067560	7.738046651
4.1	178.62202230	7.620080916
4.1	169.68678980	7.172812719
4.1	162.56893440	6.850954217
4.1	155.72635660	6.533058819
4.1	148.88659050	6.199533579
4.1	139.21400410	5.759931918
4.1	132.73658870	5.457740554
4.1	119.14694120	4.802431005
4.1	105.45897410	4.182270050
4.1	101.16761280	4.001655112
4.1	93.41634647	3.621054867
4.1	85.38207049	3.279473582
4.1	82.11107282	3.052173148
4.1	78.63078332	2.965504193
4.1	65.03551257	2.341454326
4.1	41.77046700	1.262172957
4.1	49.98662128	1.615513720
4.1	60.11003747	2.106005106
5.0	300.00000000	12.770997382
5.9	300.00000000	12.107856021
7.0	300.00000000	11.544185864
8.0	300.00000000	11.079986911
9.0	300.00000000	10.682102094
10.0	300.00000000	10.367109948
