7.5	43.89427674	1.145897991
5	44.25896592	1.392933969
7.5	53.92579668	1.543982833
5	50.27821778	1.659459822
2.5	44.25896592	1.738284038
7.5	63.84643609	1.945991663
5	61.24356353	2.151692718
2.5	52.44709801	2.195622627
0	43.34917347	2.291739778
7.5	73.46410089	2.332113395
5	67.56976947	2.418904995
2.5	60.63523009	2.670866598
0	50.51378904	2.715571728
7.5	83.46096648	2.720148059
5	79.74087161	3.015806203
7.5	93.45755925	3.1160955
2.5	68.82336217	3.134919705
0	55.63137159	3.205082074
5	89.29369238	3.464466534
7.5	103.454152	3.512042941
2.5	76.55659803	3.581181118
0	61.09012631	3.626732483
7.5	113.4508707	3.904338331
5	98.84651314	3.909098154
2.5	84.28983388	4.015692124
0	67.00377726	4.08164196
7.5	123.4477153	4.29298167
5	108.8542301	4.355910212
2.5	92.02306974	4.453000845
0	73.37232444	4.570290112
7.5	133.4448118	4.674320907
5	118.4070509	4.802556188
2.5	99.75630559	4.898702715
0	79.28597539	5.029995673
7.5	143.4417193	5.06113822
5	127.5049754	5.226878168
2.5	107.9444377	5.362755822
0	84.74473011	5.444931564
7.5	153.438501	5.451607584
5	136.6029	5.65522886
2.5	115.6776735	5.808737463
7.5	163.4352197	5.843902974
0	90.65838106	5.897442998
5	146.1557207	6.100043603
7.5	173.4321272	6.230720288
2.5	122.9560132	6.23692741
0	97.02692823	6.3832135
5	155.7085415	6.546506455
7.5	183.4291607	6.61388555
2.5	130.689249	6.682629279
0	103.3954754	6.871861652
5	164.806466	6.972842791
7.5	193.4260053	7.002528889
2.5	138.8773811	7.169064115
0	109.7640226	7.351876852
7.5	203.4229759	7.387520176
5	174.3592868	7.401359566
2.5	147.0655132	7.621926358
7.5	213.4203871	7.759729285
0	115.6776735	7.786163165
5	183.9121076	7.831890697
2.5	154.798749	8.074062975
7.5	223.4171058	8.152024675
0	121.5913245	8.236756165
5	193.4649283	8.294651516
12.96187444	300	8.405565425
2.5	162.0770887	8.492181144
12.64996518	300	8.504976296
7.5	233.4138245	8.544320065
12.29537359	300	8.626963846
0	127.9598717	8.713893715
5	203.4726453	8.741463575
11.92764899	300	8.759729411
11.5664909	300	8.901803264
2.5	169.3554283	8.910299313
7.5	243.4109209	8.925659302
11.17250025	300	9.058574412
0	133.8735226	9.159211022
5	213.4803623	9.188275634
10.81134216	300	9.213712527
7.5	253.4079544	9.308824564
2.5	177.0886641	9.34509009
10.45018406	300	9.377015806
10.07589295	300	9.546687913
0	139.7871736	9.618916583
5	223.4880793	9.646075086
7.5	263.4051138	9.688337775
9.727867874	300	9.719952692
2.5	185.2767962	9.79571416
7.5	268.4948453	9.873756502
9.36670978	300	9.904485397
0	145.7008245	10.0532029
9.005551686	300	10.10698146
5	233.4957963	10.107537
7.5	277.0377241	10.20236974
2.5	193.4649283	10.25529092
8.657526614	300	10.29576005
0	151.1595792	10.46478153
8.283235499	300	10.51360663
5	243.5035133	10.56899892
7.5	287.0348205	10.58370898
2.5	201.1981642	10.69707599
7.922077405	300	10.73243302
0	157.0732302	10.91729296
7.5	295.6684655	10.91916875
7.560919312	300	10.96922278
5	253.5112303	11.01397975
2.5	208.9314	11.14277786
7.199761218	300	11.20329081
0	163.4417773	11.40018581
6.838603124	300	11.46239868
5	263.5189472	11.46262304
2.5	216.6646359	11.58903927
6.47744503	300	11.73821792
5	272.1619755	11.85102412
0	169.8103245	11.89458927
2.5	224.3978717	12.02802662
6.116286937	300	12.03069409
5	280.6533718	12.29275027
0	176.1788717	12.37172682
2.5	232.5860038	12.4943179
5.407103771	300	12.64536763
5	290.8127208	12.70317617
0	182.0925226	12.8328712
2.5	240.3192397	12.94729383
5	297.416027	13.01490181
5.065645209	300	13.02605781
0	188.0061736	13.28826029
4.750999901	300	13.34623809
2.5	247.5975793	13.37800172
4.376161576	300	13.69802057
0	194.3747208	13.77403079
2.5	254.8759189	13.80115578
4.064252313	300	14.06739217
0	200.2883717	14.22270535
2.5	262.6091548	14.23762519
3.791503333	300	14.36266491
0	206.2020227	14.66178775
2.5	270.7972869	14.70391647
3.473266342	300	14.79079167
0	212.1156736	15.11333997
3.227022187	300	15.13508942
2.5	278.985419	15.19258948
2.947945478	300	15.53926504
0	218.0293246	15.56105532
2.5	286.7186548	15.6357734
2.804019501	300	15.74584368
0	224.3978717	16.04107052
2.619619938	300	16.0572086
2.5	294.4518907	16.08007641
2.5	299.0008529	16.31003088
2.406208337	300	16.40022325
0	230.3115227	16.49310234
2.17638046	300	16.79798338
0	235.7702774	16.94496809
1.962968859	300	17.20386979
0	241.2290321	17.39683383
1.738613073	300	17.62900266
0	246.6877868	17.84869957
1.536145657	300	18.01222102
0	252.1465416	18.29720805
1.339150333	300	18.44034779
0	257.6052963	18.76250283
1.125738732	300	18.90290432
0	263.064051	19.21772584
0.9615759626	300	19.26905749
0	268.5228057	19.65280528
0.7671442311	300	19.75578836
0	273.071768	20.022086
0.5944881106	300	20.1847897
0	279.4403152	20.51960691
0.449762876	300	20.52609355
0	284.8990699	20.95804362
0.2788251347	300	20.96655231
0	290.3578246	21.38976581
0.08405133818	300	21.56025693
0	295.8165793	21.83827429
0	299.0008529	22.09123132
